1503420347140
1503333947140
1503247547140
1503161147140
1503074747140
1502988347140
1502901947140
1502815547140
1502729147140
1502642747140
1502556347140
1502469947140
1502383547140
1502297147140
1502210747140
1502124347140
1502037947140
1501951547140
1501865147140
1501778747140
1501692347140
1501605947140
1501519547140
1501433147140
1501346747140
1501260347140
1501173947140
1501087547140
1501001147140
1500914747140
1500828347140
1500741947140
1500655547140
1500569147140
1500482747140
1500396347140
1500309947140
1500223547140
1500137147140
1500050747140
1499964347140
1499877947140
1499791547140
1499705147140
1499618747140
1499532347140
1499445947140
1499359547140
1499273147140
1499186747140
1499100347140
1499013947140
1498927547140
1498841147140
1498754747140
1498668347140
1498581947140
1498495547140
1498409147140
1498322747140
1498236347140
1498149947140
1498063547140
1497977147140
1497890747140
1497804347140
1497717947140
1497631547140
1497545147140
1497458747140
1497372347140
